# Created by Octave 3.8.1, Thu May 14 19:05:04 2015 CEST <farrowlab@farrowlab-vstim1>
# name: gammaTable
# type: matrix
# rows: 256
# columns: 1
 0
 0.06681970246054036
 0.1009433500438916
 0.1256300051225528
 0.1455081928953883
 0.1623653243988007
 0.1771416755991041
 0.1903852578115147
 0.2024616184283318
 0.2136032921560858
 0.2239930801881218
 0.2337455055584481
 0.2429674694527865
 0.2517260390928063
 0.2600780794179197
 0.2680720976075929
 0.2757497025586153
 0.2831410371087383
 0.2902584215324949
 0.2971505144976579
 0.3038200186571341
 0.31029114125102
 0.3165766238782907
 0.3226952370855246
 0.3286458615115501
 0.3344593539003313
 0.3401282501595783
 0.3456659541616127
 0.3510883360262263
 0.3564008063991522
 0.3615957791093257
 0.366690529769381
 0.3716916040555083
 0.3766031109117434
 0.3814289298373029
 0.3861727266240105
 0.3908379678165047
 0.3954251999346532
 0.3999398626655171
 0.4043863746157408
 0.4087674514580933
 0.4130856721594031
 0.417343487432595
 0.4215432275697244
 0.4256871097082587
 0.4297772445778693
 0.433813775567675
 0.4377981802641508
 0.4417340418933254
 0.4456231436878956
 0.4494671870742396
 0.4532677962771742
 0.4570265501735806
 0.4607450449381294
 0.4644249112037987
 0.4680641318440594
 0.4716631334403444
 0.4752278541002224
 0.478759639587593
 0.4822597602324708
 0.4857294160676872
 0.4891619486765654
 0.4925643979422509
 0.4959396372592258
 0.4992886417313699
 0.5026106463261963
 0.5058994843920882
 0.5091648175646438
 0.512407441341964
 0.515627637410395
 0.5188161405716
 0.52198423714562
 0.5251325781677129
 0.5282587389382568
 0.5313581816495231
 0.5344398214260292
 0.5375041923259979
 0.5405432781702476
 0.5435632861605924
 0.5465676887929748
 0.549552240851806
 0.552515193989539
 0.5554640256746648
 0.5583966389538076
 0.5613066778913641
 0.5642039209800596
 0.5670870221634702
 0.5699479000599855
 0.5727971678454339
 0.5756330297798918
 0.5784481547523563
 0.5812527314801793
 0.5840434861405803
 0.5868159583110781
 0.5895788341475291
 0.5923264842703639
 0.5950591517617222
 0.5977831230949565
 0.6004898466609642
 0.6031858363914471
 0.6058731750458396
 0.6085427133289042
 0.6112052352850361
 0.6138559121432949
 0.6164941367038372
 0.6191260643909419
 0.6217427380526352
 0.6243523185158167
 0.6269529351267727
 0.6295413769282127
 0.6321246957899216
 0.6346949922966315
 0.6372588449960275
 0.6398148434492312
 0.6423602867926984
 0.6449015356051079
 0.6474305813733773
 0.6499548660026904
 0.6524712274691897
 0.6549794794941194
 0.6574836662221446
 0.6599767761788439
 0.6624667899439519
 0.6649481048920652
 0.6674241723105094
 0.6698947664249664
 0.6723576813561198
 0.6748180131686655
 0.6772685410147889
 0.6797167728449911
 0.6821579351522528
 0.6845947807618755
 0.6870270101173326
 0.6894531568595821
 0.6918768771507604
 0.6942929877486694
 0.6967073873852325
 0.6991153288873304
 0.7015205498533789
 0.7039212066459045
 0.7063178543037136
 0.7087116202675124
 0.7111002811140339
 0.7134875437331096
 0.7158687867678262
 0.7182489107382681
 0.7206243055649575
 0.7229977316810819
 0.7253677512572556
 0.7277350084365716
 0.7301000186152773
 0.7324616427307052
 0.7348220321092054
 0.7371786670977069
 0.7395346266800267
 0.7418872919894945
 0.7442391649349427
 0.7465887467323249
 0.7489372327177999
 0.7512842444202592
 0.7536300329491183
 0.7559749846314565
 0.7583187570155188
 0.7606621560814247
 0.763004587380964
 0.7653468914912166
 0.7676887001571934
 0.7700304988159472
 0.7723722676451372
 0.7747142285759904
 0.7770564608588677
 0.7793992524185972
 0.7817424520435152
 0.784086745094143
 0.7864314171985263
 0.7887778869921104
 0.7911247259490887
 0.7934738667032382
 0.7958237408940254
 0.798175883619575
 0.8005294891289999
 0.8028851505844609
 0.8052431950521572
 0.8076028966048605
 0.8099661013045428
 0.8123303696389629
 0.8146994716288325
 0.8170695869585284
 0.8194445938285161
 0.8218215898708475
 0.8242027828424927
 0.8265874494488979
 0.82897538395097
 0.8313685354913781
 0.8337637761296813
 0.8361662541576581
 0.83857046388957
 0.8409820516394589
 0.8433967665337951
 0.8458174180364708
 0.8482435659607149
 0.8506738914588199
 0.8531124387982669
 0.8555534569242658
 0.8580050176005628
 0.8604598429085057
 0.8629229957335708
 0.8653927153343016
 0.8678681326090533
 0.8703538930640358
 0.8728432246392964
 0.875345310096565
 0.8778524667426145
 0.8803690256205327
 0.8828953736916506
 0.8854271985050156
 0.8879741814223859
 0.8905263961366746
 0.8930912357527672
 0.8956663558244842
 0.8982490018205957
 0.9008487141597266
 0.9034551560154784
 0.9060761724257145
 0.9087099310667344
 0.911351582417296
 0.9140146552435758
 0.91668646219769
 0.91937247991257
 0.9220769105816046
 0.9247913874700956
 0.9275261976034422
 0.9302770579070205
 0.9330395642001735
 0.9358279977335294
 0.9386311814793494
 0.9414483819776044
 0.9442953164966161
 0.9471577041023403
 0.9500366761788107
 0.9529481844156844
 0.9558778476124454
 0.9588263783415996
 0.9618097463255726
 0.9648162047441965
 0.9678450761642853
 0.9709069098261821
 0.9740014553245528
 0.9771227661994235
 0.9802722437676297
 0.9834672713567593
 0.9866955132497973
 0.9899577378181134
 0.9932559813203465
 0.9966061262658074
 1


